GW190412 GW190708_232457 7581253.200000048 0.7071280991735538 0.7059757756741725 1239082262.2 1246663515.4 740.0 880.0
GW190421_213856 GW190910_112807 12232151.0 3.891161568774629 6.636920815043769 1239917954.3 1252150105.3 2880.0 1460.0
GW190424_180648 GW190727_060333 8078205.900000095 0.4444444444444444 0.7613181041453905 1240164426.1 1248242632.0 2200.0 3300.0
GW190424_180648 GW190910_112807 11985679.200000048 2.270594858322387 4.571709269576543 1240164426.1 1252150105.3 2200.0 1460.0
GW190513_205428 GW190630_185205 4139856.4000000954 5.357404368135336 8.148865119285482 1241816086.8 1245955943.2 2060.0 890.0
GW190706_222641 GW190719_215514 1121313.600000143 1.2584967404468035 2.2165080835349253 1246487219.3 1247608532.9 4420.0 3940.0
GW190707_093326 GW190930_133541 7358535.0 1.02648891966759 1.404340973496769 1246527224.2 1253885759.2 770.0 760.0
GW190719_215514 GW190915_235702 5018507.799999952 5.91510440481634 9.346648889150737 1247608532.9 1252627040.7 3940.0 1620.0
GW190720_000836 GW190728_064510 714993.7999999523 0.8245474963667592 1.6020241519316047 1247616534.7 1248331528.5 790.0 870.0
GW190720_000836 GW190930_133541 6269224.5 1.080505540166205 2.147174397334741 1247616534.7 1253885759.2 790.0 760.0
GW190728_064510 GW190930_133541 5554230.700000048 1.31042243767313 1.6684020719529318 1248331528.5 1253885759.2 870.0 760.0
GW190413_052954 GW190424_180648 995813.5999999046 2.6038223140495864 5.007643331799731 1239168612.5 1240164426.1 3550.0 2200.0
GW190421_213856 GW190731_140936 8699440.299999952 0.7616528925619834 1.322846833503303 1239917954.3 1248617394.6 2880.0 3300.0
GW190424_180648 GW190521_074359 2295431.4000000954 3.1477627471383975 5.368161969940841 1240164426.1 1242459857.5 2200.0 1240.0
GW190424_180648 GW190803_022701 8670013.80000019 0.45263679637890564 0.8450596474706495 1240164426.1 1248834439.9 2200.0 3270.0
GW190727_060333 GW190910_112807 3907473.2999999523 5.108838431225371 8.64272351940568 1248242632.0 1252150105.3 3300.0 1460.0
GW190731_140936 GW190803_022701 217045.30000019073 1.0184327918525375 1.9108978920559534 1248617394.6 1248834439.9 3300.0 3270.0
GW190731_140936 GW190910_112807 3532710.7000000477 5.108838431225371 10.330613741893941 1248617394.6 1252150105.3 3300.0 1460.0
GW190803_022701 GW190910_112807 3315665.399999857 5.016372677800712 9.267732187048464 1248834439.9 1252150105.3 3270.0 1460.0
